15 70 10
7 1 2 3 4 5 6 7 8 9 10 11 12 13 14 
7 1 4 2 3 5 8 6 7 9 12 10 11 14 15 
7 1 2 3 4 5 6 7 8 9 10 11 12 13 14 
7 1 8 2 7 3 6 4 5 10 15 11 14 12 13 
7 1 3 2 4 5 7 6 8 9 11 10 12 13 15 
7 1 2 3 4 5 6 7 8 9 10 11 12 13 14 
7 2 15 3 14 4 13 5 12 6 11 7 10 8 9 
7 1 5 2 6 3 7 4 8 9 13 10 14 11 15 
7 1 3 2 4 5 7 6 8 9 11 10 12 13 15 
7 1 2 3 4 5 6 7 8 9 10 11 12 13 14 

9 37 10
4 1 2 3 4 5 6 7 8 
4 1 4 2 3 5 8 6 7 
4 1 2 3 4 5 6 7 8 
4 1 8 2 7 3 6 4 5 
4 1 3 2 4 5 7 6 8 
4 1 2 3 4 5 6 7 8 
1 8 9 
4 1 5 2 6 3 7 4 8 
4 1 3 2 4 5 7 6 8 
4 1 2 3 4 5 6 7 8 

14 37 6
7 1 2 3 4 5 6 7 8 9 10 11 12 13 14 
6 1 4 2 3 5 8 6 7 9 12 10 11 
7 1 2 3 4 5 6 7 8 9 10 11 12 13 14 
4 1 8 2 7 3 6 4 5 
6 1 3 2 4 5 7 6 8 9 11 10 12 
7 1 2 3 4 5 6 7 8 9 10 11 12 13 14 

6 27 6
5 1 2 3 4 5 6 7 8 9 10 
4 1 4 2 3 5 8 6 7 
5 1 2 3 4 5 6 7 8 9 10 
4 1 8 2 7 3 6 4 5 
4 1 3 2 4 5 7 6 8 
5 1 2 3 4 5 6 7 8 9 10 

16 80 10
8 1 2 3 4 5 6 7 8 9 10 11 12 13 14 15 16 
8 1 4 2 3 5 8 6 7 9 12 10 11 13 16 14 15 
8 1 2 3 4 5 6 7 8 9 10 11 12 13 14 15 16 
8 1 8 2 7 3 6 4 5 9 16 10 15 11 14 12 13 
8 1 3 2 4 5 7 6 8 9 11 10 12 13 15 14 16 
8 1 2 3 4 5 6 7 8 9 10 11 12 13 14 15 16 
8 1 16 2 15 3 14 4 13 5 12 6 11 7 10 8 9 
8 1 5 2 6 3 7 4 8 9 13 10 14 11 15 12 16 
8 1 3 2 4 5 7 6 8 9 11 10 12 13 15 14 16 
8 1 2 3 4 5 6 7 8 9 10 11 12 13 14 15 16 

2 1 1
1 2 1

4 6 3
2 1 2 3 4
2 1 4 2 3
2 1 2 3 4
