Step 1
Nev 0
c: 0 1 
b: 1 0 

Step 2
Nev 1
c: 1 0 1 
b: 0 0 1 

Step 3
Nev 1
c: 0 1 1 1 
b: 0 1 0 1 

Step 4
Nev 0
c: 0 0 1 1 1 
b: 0 1 0 1 0 

Step 5
Nev 0
c: 0 0 0 1 1 1 
b: 0 1 0 1 0 0 

Step 6
Nev 0
c: 0 0 0 0 1 1 1 
b: 0 1 0 1 0 0 0 

Step 7
Nev 0
c: 0 0 0 0 0 1 1 1 
b: 0 1 0 1 0 0 0 0 

Step 8
Nev 1
c: 0 1 0 1 0 0 1 1 1 
b: 0 0 0 0 0 0 1 1 1 

Step 9
Nev 1
c: 0 0 1 0 1 0 1 0 0 1 
b: 0 0 1 0 1 0 0 1 1 1 

Step 10
Nev 0
c: 0 0 0 1 0 1 0 1 0 0 1 
b: 0 0 1 0 1 0 0 1 1 1 0 

Step 11
Nev 1
c: 0 0 1 0 0 0 1 1 0 1 0 1 
b: 0 0 0 0 1 0 1 0 1 0 0 1 

Step 12
Nev 0
c: 0 0 0 1 0 0 0 1 1 0 1 0 1 
b: 0 0 0 0 1 0 1 0 1 0 0 1 0 

Step 13
Nev 1
c: 0 0 0 0 0 0 1 0 0 1 0 0 0 1 
b: 0 0 0 0 1 0 0 0 1 1 0 1 0 1 

Step 14
Nev 1
c: 0 0 0 0 1 0 0 1 1 1 1 1 0 1 1 
b: 0 0 0 0 0 0 0 1 0 0 1 0 0 0 1 

Step 15
Nev 0
c: 0 0 0 0 0 1 0 0 1 1 1 1 1 0 1 1 
b: 0 0 0 0 0 0 0 1 0 0 1 0 0 0 1 0 

Step 16
Nev 1
c: 0 0 0 0 0 0 1 1 0 1 0 1 1 1 1 1 1 
b: 0 0 0 0 0 0 1 0 0 1 1 1 1 1 0 1 1 

Step 17
Nev 1
c: 0 0 0 0 0 0 1 1 1 1 0 1 0 0 1 0 0 1 
b: 0 0 0 0 0 0 0 1 1 0 1 0 1 1 1 1 1 1 

Step 18
Nev 1
c: 0 0 0 0 0 0 0 0 0 1 0 0 0 1 1 0 1 1 1 
b: 0 0 0 0 0 0 0 1 1 1 1 0 1 0 0 1 0 0 1 

0 0 0 0 0 0 0 0 0 1 0 0 0 1 1 0 1 1 1 